### 请根据给出的示例,判断待预测的EEG信号反映了被试在想象左手(left_hand)还是右手(right_hand)的运动
### EEG信号样本1:
### csp特征值为[-0.36380669 -1.5574452  -1.0569175  -0.43755714 -0.91504028 -0.31584252
 -1.17865878 -0.13847594  0.23930899 -0.88288141 -0.98291346 -0.22477264
 -0.79160445 -1.13637755 -0.929816   -0.21961966 -0.56285524 -0.69458341
 -0.80814098 -0.64036807 -0.85846506 -0.7109119  -1.23577271 -0.81195007
 -1.73677237 -0.27686999 -1.49702146 -0.0107617  -0.5417401  -0.49842228
 -0.75016907 -0.23883881 -0.85280379 -0.37835155 -0.38714258 -0.82999661
 -1.5860179  -0.93030458 -0.8414309  -0.56510704 -1.38591131 -0.66187255
 -0.70225812 -0.934338   -0.91150796 -0.7324384  -0.82578488 -0.86139254]
### 它反映了被试者当前在想象的运动是： right_hand

### EEG信号样本2:
### csp特征值为[-0.93432646 -1.57684116 -1.57025191 -0.42459863 -1.10011202 -0.01135537
 -0.43245767 -0.64171837 -0.89087552 -1.46615946 -0.76764051 -0.71475565
 -0.69427249 -1.05591821 -0.89739949 -0.68447465 -0.700778   -1.18657539
 -1.20209771 -0.75019783 -0.68668577 -1.14729318 -1.57695719 -0.70584181
 -0.85633937 -1.34253797 -1.06087641 -0.35186955 -1.19155153 -0.90598667
 -0.7969127   0.09792373 -1.43924482 -1.20304595 -1.06745074 -1.20959339
 -0.76182116 -0.86063645 -1.36816394 -0.69859042 -1.50922306 -0.98697351
 -0.84865161 -0.89797667 -1.02858938 -1.13148638 -0.66392767 -0.34510684]
### 它反映了被试者当前在想象的运动是： right_hand

### EEG信号样本3:
### csp特征值为[ 1.10221541 -0.36092076 -0.3437544  -0.27673194 -1.02774258  0.58547387
  0.06203985  0.23687813  0.52152661 -0.85883396 -0.96877003 -0.64126323
 -0.38486859 -0.94924827 -0.43170401 -0.44859993 -0.17368184 -0.89483359
 -0.84498069 -0.96986754 -0.59548677 -0.81745526 -0.64940695 -0.5707763
 -0.76274172  0.35564558 -1.43611331 -0.02010076 -0.97134277 -0.28089789
 -0.54805876 -0.20312227 -1.03835869 -0.70726245 -0.77836802 -1.49080673
 -0.90384341 -0.18434862 -1.21937145 -0.37598341 -0.62694924 -0.34950753
 -0.93518697 -0.80916349 -0.16546742 -0.82750732 -0.7986806  -1.13883187]
### 它反映了被试者当前在想象的运动是： right_hand

### EEG信号样本4:
### csp特征值为[-0.23256432 -1.98965368 -1.570755   -0.20610297 -0.90507684 -0.96224768
 -0.28150722 -0.35585745 -0.7401293  -0.99410107 -0.41387258 -0.8421216
 -0.97911148 -0.49809175 -0.58931666 -0.75281642 -0.72015062 -0.94485253
  0.49383941 -0.99493728 -0.78601395 -0.3174928  -0.34419141 -0.56349606
 -1.66394562 -0.21125504 -1.00315019 -0.52029604 -0.67734468 -0.16641861
 -0.29106072 -0.3549437  -0.82100568 -0.32771074 -1.09693864 -1.00204095
 -0.62122022 -0.02507637 -0.57272194 -0.32610608 -0.58435708 -0.40581345
 -0.6789953  -0.91251846 -1.35923101 -0.8510274  -0.80769286 -0.77663733]
### 它反映了被试者当前在想象的运动是： right_hand

### EEG信号样本5:
### csp特征值为[-2.39647876 -2.05019059 -1.85403562 -2.26602181 -1.33076004 -2.22008074
 -1.92457756 -1.82515301 -1.18501792 -1.33351283 -0.96006375 -1.02593513
 -0.39865218 -0.67908953 -0.5789315  -0.93872853 -1.02229511 -1.16732707
 -1.11679716 -0.85574174 -1.13694038 -0.55875579 -0.51228536 -1.05809449
 -1.71521831 -1.16545381 -1.18349508 -1.13002878 -0.6263498  -0.9860635
 -0.71815251 -0.65208939 -0.59162092 -0.74387303 -0.73150354 -0.822175
 -0.89523661 -1.15285845 -0.95389364 -0.55540882 -0.55854994 -0.63625226
 -1.19748224 -0.77142162 -0.95673639 -1.01358377 -1.08390556 -0.74150948]
### 它反映了被试者当前在想象的运动是： left_hand

### EEG信号样本6:
### csp特征值为[-0.96278646 -0.85014096 -0.91481667 -0.7313864  -0.98574117  0.10308733
 -0.62921337 -0.50037729 -0.79749659 -1.36112161 -0.96885478 -1.36036734
 -1.05042217 -0.45039845 -1.40235756 -0.28610675 -0.77384173 -0.8580455
 -1.09007027 -0.95346214 -0.15558382 -0.52538288 -1.23425594 -1.20070147
 -0.52941367 -0.6404555  -0.7570088  -0.55238789 -0.82658194 -0.69469797
 -0.43947445 -0.75704174 -1.32856461 -0.75780527 -0.55449375 -1.10035939
 -1.09503376 -0.65870187 -0.91532307 -0.70427096 -0.74263797 -0.24858247
 -0.67829065 -0.6878845  -1.05917233 -0.14473079 -1.53548962 -0.6169367 ]
### 它反映了被试者当前在想象的运动是： left_hand

### EEG信号样本7:
### csp特征值为[-1.4116486  -0.01482838 -0.07209642 -1.28015933 -0.9380076  -1.22097993
 -1.23579787 -0.81410695 -1.25251557 -0.69107249 -0.7033594  -1.28874521
 -1.14739828 -1.0002693  -0.89194391 -1.02193613 -0.81203583 -0.98122472
 -1.02069196 -0.9996103  -1.2661557  -0.42433419 -0.93471314 -1.08078113
 -0.55393047 -1.17769917 -0.73270944 -0.65154934 -0.66051036 -0.87764994
 -0.5716733  -0.54956959 -0.6692305  -0.76398688 -0.75398214 -1.11889914
 -0.9997118  -1.10764907 -1.19747909 -0.69787581 -0.97303168 -0.89275238
 -1.0147033  -0.72710088 -0.64508602 -0.49712822 -0.61110402 -0.61403213]
### 它反映了被试者当前在想象的运动是： left_hand

### EEG信号样本8:
### csp特征值为[-2.36388395 -2.51332258 -1.19654546 -1.55503021 -0.62938483 -1.79770265
 -1.18903305 -1.16125528 -1.21318787 -1.07332595 -0.54639925 -1.10590966
 -0.70000431 -0.52242713 -1.1409976  -0.75051494 -1.23130078 -1.02292332
  0.1944912  -0.63151779 -0.89826835 -1.19891379 -0.66791658 -0.81425845
 -1.00187897 -0.0983688  -1.380039   -0.77060987 -0.76093973 -0.61456455
 -0.85565299 -0.96812933 -0.73327606 -0.61365623 -0.76200868 -0.44328786
 -0.12379266  0.26018868 -0.94218236 -0.8335145  -0.87954437 -0.71095299
 -0.80853654 -0.47255168 -1.1516489  -0.75765074 -0.69039608 -0.70286578]
### 它反映了被试者当前在想象的运动是： left_hand

### 请判断下面样本分别反应了被试者在想象的运动是什么，请从'left_hand', 'right_hand'中选择一个，以列表的形式返回。

### 待预测样本1:
### csp特征值为[-2.5928665  -0.38683201 -1.14615261 -1.92375052 -1.46759269 -1.766499
 -1.19214958 -1.72153125 -1.07862078 -0.3498687  -0.95909785 -1.21024762
 -0.77225926 -0.76694925 -0.84087603 -0.82994996 -0.80621295 -1.34350821
 -1.32853257 -1.01603175 -1.27559457 -0.85979789 -0.52739899 -0.89504025
 -0.41298496 -2.19343239 -0.42831287 -1.05635487 -1.00548067 -0.83966565
 -0.64709131 -1.11152458 -0.1423242  -1.03619514 -1.39622661 -0.99458103
 -0.84757186 -1.27299695 -0.91962406 -0.91953311 -0.86592671 -1.51392377
 -0.67391062 -0.47384006 -1.36422396 -0.91727774 -1.27612289 -0.87559441]

### 待预测样本2:
### csp特征值为[-2.06552024 -1.90177301 -1.68198464 -1.68287779 -1.11007491 -1.85128534
 -0.92709446 -1.09377896 -1.54788072 -1.28403588 -1.09617639 -1.40736667
 -0.92835851 -1.34658871 -0.63814068 -0.85328908 -1.48725403 -0.55978179
 -0.70990015 -1.02448799 -0.61847041 -0.8325082  -0.76859849 -0.81351439
 -1.73835915 -1.37467495 -1.37369593 -1.17840099 -1.3061894  -0.80238701
 -1.09648783 -1.30928623 -0.69089221 -1.1098396  -1.16886549 -0.78255159
 -0.64595848 -1.35611945 -1.03100807 -0.87262008 -0.96511601 -0.94770072
 -1.07793483 -0.19279196 -1.27010432 -0.69116809 -1.01405917 -1.03908104]

### 待预测样本3:
### csp特征值为[-0.69650672 -1.4944781  -1.24699268 -0.4135715  -1.49831745 -0.89004022
 -0.50117559 -0.82497018 -0.79760412 -1.25009567 -1.41025041 -0.93028367
 -1.26590177 -0.96295996 -1.11101463 -0.5088616  -0.60744828 -1.20919183
 -0.72106203 -0.89757616 -1.04379392 -0.72395849 -1.07179501 -0.98406805
 -1.24622289 -0.76094718 -1.00464807 -0.74120691 -0.95181503 -0.58951877
 -0.86283955 -0.85471045 -1.00114077 -0.90592367 -1.39893954 -0.80056403
 -0.94411934 -0.80550678 -0.85456346 -0.89769818 -1.41543028 -0.9993218
 -0.79237036 -1.25376776 -1.47810091 -1.17030396 -0.89472314 -1.14386789]

### 待预测样本4:
### csp特征值为[-1.10349829  0.74159896  0.42965521 -1.88331814 -1.00279627 -1.30929199
 -1.12175436 -1.64729741 -1.08292437 -0.66752531 -1.5436261  -0.46660844
 -0.68143854 -0.4640954  -0.93332306 -0.59656411 -1.32750295 -0.44651608
 -0.95381819 -0.40822283 -0.99648164 -0.23828465 -0.72535112 -1.06905893
  0.27572293 -1.20085261  0.32413272 -0.89920072 -0.54042732 -1.25915884
 -0.59399102 -0.86849411 -0.42000153 -1.07609944 -0.42005608 -0.5989799
 -0.70735788 -0.93379949 -1.15509783 -1.20063232 -0.78042106 -1.1318482
 -0.78351702 -0.27273486 -1.50529649 -0.55769285 -1.21961436 -1.01299307]

### 待预测样本5:
### csp特征值为[-1.29511087  0.18882567 -0.32806921 -1.79263403 -1.0298947  -1.22151403
 -1.10887222 -1.61914626 -1.06463635 -0.54214779 -0.86057373 -0.74135525
 -0.65174206 -0.64199196 -0.75073226 -0.93841886 -1.37907997 -0.28500103
 -1.00279755 -0.93165122 -0.51064145 -0.50711277 -0.22527409 -0.47591093
  0.08972434 -0.59161074 -0.57637601 -0.85783581 -0.71794621 -0.55136537
 -0.84207521 -0.61004344 -0.36179421 -1.36785771 -1.09402134 -1.20626153
 -0.77516562 -1.08380819 -0.50244636 -1.02115155 -0.9765982  -0.72447436
 -0.54430054 -0.83888391 -0.38461996 -0.75085084 -0.92965963 -1.03043973]

### 待预测样本6:
### csp特征值为[-2.99778281 -0.59585013 -1.37026941 -1.1389188  -1.08432393 -1.46161274
 -1.75789565 -0.81333717 -1.60106118 -0.42949035 -1.74334413 -0.82946905
 -0.6711063  -1.12249084 -0.24755187 -0.61397322 -0.93698599 -1.29515768
 -1.0296987  -1.45331917 -0.65928566 -0.3973004  -0.70455861 -0.6289046
 -0.68673221 -1.77390345 -0.34261514 -0.92550304 -0.95732173 -0.77625196
 -0.78711003 -0.85027459 -0.72190019 -0.97834498 -0.51295523 -0.84454648
 -0.55446458 -0.89847513 -0.83290241 -1.05866598 -1.20386522 -1.09880906
 -1.39345222 -0.89892072 -0.63684169 -0.9836857  -0.76648478 -0.93359768]

### 待预测样本7:
### csp特征值为[-1.27266768 -1.11247416 -1.22084789 -1.42026758 -0.95316708 -1.20616041
 -0.72468842 -1.1426259  -1.28076208 -0.45461215 -1.18580592 -1.5241206
 -0.71009481 -0.51862212 -1.01385784 -0.99943236 -1.20190894 -1.18136121
 -1.25316408 -0.94173745 -1.24723899 -0.92862912 -0.63584506 -0.6205256
 -0.99115899 -0.77318779 -0.87967107 -0.8900873  -0.87302467 -0.6389083
 -0.6641255  -0.92017524 -0.57758705 -1.08110982 -0.6534478  -0.91822168
 -1.05021237 -1.14968664 -1.17437364 -0.82019774 -0.76817676 -1.18426321
 -1.02141912 -0.4617007  -0.56068987 -0.89504006 -0.5513417  -1.14927034]

### 待预测样本8:
### csp特征值为[ 0.58908436 -2.10365916 -1.55847807  0.00871434 -1.21488447  0.36869638
 -0.56651077 -0.41970536 -0.69960881 -0.76565277 -1.28980896 -0.83829931
 -1.06921032 -1.03790208 -0.48169495 -0.00520957 -0.67729805 -0.9568999
 -0.94847332 -0.88523673 -0.44218292 -0.13338693 -0.87028865 -0.69743431
 -1.89109109  0.20178187 -0.64247445 -0.73230738 -0.42963339 -0.51431849
 -1.36341208 -1.20633464 -0.98816705  0.01580561 -0.52941099 -0.51566822
 -1.03197156 -0.4499387  -0.8666549  -0.4219842  -1.0044133  -0.47648908
 -0.58363018 -0.68303309  0.05923408 -0.77532664 -0.51139276 -0.9188486 ]

### 待预测样本9:
### csp特征值为[-0.84661206 -0.17854957 -1.17721689 -1.23503626 -1.33951373 -1.42545254
 -1.31402879 -0.77264011 -1.21180053 -0.50044058 -1.0183845  -1.25299343
 -0.56401683 -0.70127226 -0.77407498 -0.88617368 -0.83297048 -0.78297396
 -0.58215426 -0.34264144 -1.04981471 -0.36265286 -0.5177902  -0.75258162
 -0.23095848 -1.2263663  -0.35089168 -0.86225931 -0.41383429 -0.6819824
 -1.03235522 -1.06831687 -0.61175071 -0.72045287 -0.98325028 -1.65559961
 -0.22872156 -0.92331429 -0.74298486 -0.74267879 -0.5453038  -0.91882376
 -1.29562341 -0.84443972 -0.07046182 -0.98752913 -0.76628889 -0.99066479]

### 待预测样本10:
### csp特征值为[-0.48348515 -3.32946641 -1.74807363 -0.60791091 -1.473786   -0.71292112
 -1.06560332 -1.0345419  -0.94270451 -1.83190109 -1.69488147 -0.3709727
 -1.01169057 -0.97988582 -1.14896016 -1.1220955  -0.56713479 -1.22299155
 -0.709415   -0.91831863 -0.84855585 -0.32653391 -0.86459335 -1.3168962
 -2.39169672 -0.42138807 -1.54068236 -0.54329131 -0.92378118 -0.25740751
 -1.19233111 -0.8917477  -1.07702901 -0.24411335 -0.91147493 -1.0823675
 -1.08824003 -0.58647795 -0.84891791 -0.55342575 -1.18427066 -1.19116465
 -0.60954421 -0.4291244  -0.0555657  -0.66045145 -0.49041329 -0.96668542]


### 请按照以下要求返回待预测样本对应的标签：
### 1. 返回的结果必须是一个 Python 列表，并以 JSON 格式表示。
### 2. 列表中的每个元素均为字符，'left_hand', 'right_hand'
### 3. 列表的长度必须为10(与待预测样本的数量一致)。
### 4. 仅返回标签列表，不包含任何多余内容。
